716923 716924 716925 716926 716927 716928 716929 716930 716931 716932 716933 716934 716935 716936 716937 716938 716939 716940 716941 716942 716943 - 0.0166
836946 - 0.0000
885811 885812 885813 845144 845145 845146 845147 845148 845149 845150 845151 845152 845153 845154 845155 845156 845157 - 0.0259
222691 - 0.0000
155638 155639 155640 - 0.0009
592257 592258 592259 592260 592261 592262 592263 592264 592265 592266 592267 592268 592269 592270 592271 592272 592273 592274 592275 592276 592277 - 0.0075
576321 576320 70898 70897 70896 70895 70894 70893 - 0.0124
210155 210156 210157 210158 210159 210160 210161 210162 210163 210164 210165 210166 210167 210168 210169 210170 210171 210172 210173 210174 210175 - 0.0578
659227 659228 659229 659230 659194 659210 659209 659208 659207 659185 659186 659187 659188 - 0.0124
111643 111542 111543 109820 109821 - 0.0026
137106 121019 121020 - 0.0113
179114 179115 179116 179117 179118 179119 179120 179121 179122 - 0.0042
384825 384826 384827 384828 384829 384830 384831 384832 384833 384834 384835 - 0.0022
816589 816590 816591 - 0.0013
178011 178012 178013 178014 178015 178016 178017 178018 178019 178020 178021 178022 178023 178024 178025 155543 155542 - 0.0082
750785 891842 891843 891844 891845 891846 733413 733408 733409 931077 931078 85762 944595 640469 640470 640471 640472 640473 640474 640475 640476 - 0.0161
150047 150048 150049 150050 150051 150052 150053 150054 150055 150056 150057 150058 150059 150060 150061 150062 150063 150064 150065 150066 150067 - 0.0053
788359 788360 788361 788362 788363 - 0.0057
318606 318607 273198 273199 273200 273201 273202 273203 273204 273205 273206 273207 273208 273209 273210 273211 273212 273213 273214 273215 273216 - 0.0161
51237 51238 - 0.0001
753432 - 0.0000
713350 713323 713324 713325 713326 713327 713328 713331 713330 713329 713344 - 0.0036
314069 314070 314071 314072 314073 314074 314075 314076 314077 - 0.0081
178402 178403 178404 178405 178406 178407 178408 178409 178410 178411 178412 178413 178414 - 0.0015
768257 768258 768259 768260 768186 - 0.0072
117443 117444 117445 117446 117447 117448 117449 117450 117451 117452 117453 117454 117455 117456 117457 117458 117459 117460 117461 117462 117463 - 0.0045
136479 136480 136481 136482 136483 136484 136485 - 0.0030
245492 245493 245494 245495 245496 245497 245498 - 0.0009
366602 367614 366610 367615 366521 366611 366612 366613 366518 366519 - 0.0114
740837 71216 71217 - 0.0021
371545 371546 371547 371548 371549 371550 371551 - 0.0024
241298 241299 241300 241301 241302 241303 241304 - 0.0023
125791 125792 125793 125794 125795 - 0.0038
655752 - 0.0000
682133 682134 682135 682136 682137 682138 682139 522701 522702 522703 522704 522705 522706 522707 522708 522709 522710 522711 522712 522713 522714 - 0.0312
628627 628628 628629 628611 628600 628601 628631 628632 628633 - 0.0119
737134 737135 737136 737137 737138 737139 737140 737141 737142 737143 737144 737145 737146 737147 737148 737149 737150 737151 737152 737153 737154 - 0.0170
337939 337940 337941 337942 337943 337944 337945 337946 337947 337948 337949 337950 337951 337952 337953 337954 337955 337956 337957 337958 190336 - 0.0100
645622 645565 465577 465578 465579 465580 465581 465582 465583 77780 77781 77782 77783 77784 77785 77786 77787 77788 77789 - 0.0114
653974 653934 653933 - 0.0035
111051 108728 108729 108730 108731 108732 108733 - 0.0038
37852 37853 37772 37771 37770 - 0.0014
662422 662423 662424 - 0.0034
318415 318416 318417 318418 318419 318420 220934 220935 220936 220937 220938 220939 220940 220941 220942 220943 220944 220945 220946 220947 220948 - 0.0067
252961 252962 252963 252964 252965 252966 252967 - 0.0098
247331 247332 247333 247334 247335 - 0.0076
868820 868821 868822 868823 51728 51729 51723 51724 51725 51726 51706 51707 51708 51709 51710 51711 51712 51713 51714 51715 51716 - 0.0282
634421 634422 634423 634424 634425 634426 634427 634428 634429 634430 634431 634432 634433 634434 634435 634436 634437 634438 634439 634440 634441 - 0.0121
542580 542581 542582 542583 542584 542585 542586 542587 542588 542589 542590 542591 542592 542593 542594 542595 542596 542597 542598 542539 542489 - 0.0129
856783 856784 856785 856786 856787 856788 856789 - 0.0086
265280 265281 265282 265283 265284 265285 265286 265287 265288 265289 265290 265291 265292 265293 265294 265295 234003 - 0.0128
195971 195972 195973 195974 195975 195976 195977 195978 195979 195980 195981 195982 195983 195984 195985 195986 195987 195988 194997 - 0.0022
916941 571971 571972 571973 590191 590190 590189 571956 571979 571978 - 0.0094
659569 659568 659567 659566 659565 659564 659530 - 0.0099
261832 261833 261834 - 0.0010
397679 397680 397681 384770 384771 384772 384773 384774 384775 384776 384777 384778 384779 384780 384781 - 0.0066
487806 487807 485878 485879 485880 485881 485882 485883 485884 485885 485886 485887 485888 485889 485890 485891 485892 485893 485894 485895 485463 - 0.0094
15030 15031 11567 10349 10350 10351 10352 - 0.0175
542933 542934 542931 542932 712552 712556 542926 - 0.0072
48006 48007 884368 884367 884366 48028 884365 884364 47981 47982 47983 47984 47985 - 0.0024
172425 172426 172427 172428 172429 172430 172431 172432 172433 172434 172435 172436 172437 172438 172439 172440 172441 172442 172443 172444 172445 - 0.0086
716858 716859 716860 716861 716862 716863 716864 716865 716866 716867 716868 716869 716870 716871 716872 716873 716874 716875 34234 34235 34236 - 0.0393
115620 115621 115622 115623 115624 115625 115626 115627 115628 115629 115630 115631 115632 115633 115634 115635 115636 115637 115638 115639 115640 - 0.0038
603187 - 0.0000
604698 604699 604700 604701 604702 604703 29534 29535 29536 29537 29538 917109 917168 917169 917170 629505 604684 604685 604686 604687 604688 - 0.0211
612016 612017 612018 612019 612020 612021 612022 612224 611980 611981 - 0.0101
817175 1078 1079 1080 1081 1082 1083 1084 1085 1086 1087 1088 1089 1090 1091 1092 1093 1094 1095 1096 1097 - 0.0040
505323 505324 505325 505326 505327 505328 498999 - 0.0087
49960 49961 49962 49963 49964 49965 49966 49967 49968 49969 49970 49971 49972 834206 834199 834200 834207 834208 834209 834210 834211 - 0.0078
652047 651984 651985 651986 - 0.0017
45700 45701 45702 45703 45704 - 0.0007
747466 747467 747468 - 0.0010
300669 300670 300671 300672 300673 300674 300675 300676 300677 300678 300679 300680 300681 300682 300683 300684 300685 209452 209451 - 0.0077
369079 369078 369077 369076 517353 517352 517351 369091 - 0.0038
337389 337390 337391 337392 337393 337394 337395 337396 337397 337398 337399 337400 337401 337402 337403 337404 337405 337406 337407 337408 337409 - 0.0048
761524 761525 761478 - 0.0002
775188 775189 93707 775190 775191 775192 775193 775177 775176 775178 775179 775180 775181 775182 775183 24412 24413 24414 24415 24416 24417 - 0.0052
808380 808381 808382 260237 260236 - 0.0019
146721 146722 146723 146724 146725 - 0.0016
808029 296148 296149 296150 208882 - 0.0041
717 718 719 720 490 700 701 702 703 704 705 691 692 693 694 - 0.0074
57127 57128 66342 66343 66338 66339 57123 879608 56277 879609 879610 85557 46540 46079 879611 46091 2731 - 0.0150
526286 526287 525063 525064 525065 525066 524690 - 0.0073
133119 133120 133121 133122 133123 133124 133125 - 0.0017
353994 353995 353996 353997 353998 353999 354000 354001 354002 354003 354004 354005 354006 354007 354008 354009 354010 354011 354012 354013 354014 - 0.0011
213763 213764 213765 213766 213767 - 0.0080
343547 - 0.0000
195383 195384 195385 195386 195387 195388 195389 - 0.0037
657043 - 0.0000
234119 - 0.0000
323472 323473 323474 - 0.0012
456644 456645 456646 456647 456648 456649 456650 456651 456652 456653 456654 456655 456656 456657 456658 456659 456660 456661 456662 456663 456664 - 0.0066
942615 73519 73520 73521 73522 - 0.0057
594898 594736 594737 594738 594739 - 0.0054
729316 729317 729318 729319 729320 729321 729322 729323 729324 729325 359134 359135 359136 359137 359138 359139 358886 358887 358888 - 0.0073
675661 675662 675663 675664 675665 675666 675667 675668 675669 675670 675671 675672 675673 675674 675675 675676 675677 675678 675679 675680 675681 - 0.0134
254352 254353 254354 - 0.0020
528850 528851 528852 528853 528854 528855 528856 528857 528858 528859 528860 528861 528862 528863 528864 528865 528866 528867 528868 528869 528870 - 0.0327
939335 939336 939337 939307 939308 939309 939310 939292 939293 939294 939295 939296 939198 939199 939200 939201 939202 939203 939204 939205 939206 - 0.0066
794207 794208 794209 794210 794211 794230 794229 794228 794227 794226 794177 794178 794179 - 0.0148
